2
4
6
8
10
11
12
14
15
17
18
21
21
24
24
26
28
29
31
31
33
35
35
37
38
39
41
42
43
45
47
49
50
51
53
55
56
57
58
59
60
62
63
65
67
68
69
70
71
72
73
74
76
77
78
79
79
82
83
83
85
86
87
88
89
91
92
93
94
96
96
98
99
100
102
102
104
105
106
107
108
109
110
111
112
113
113
115
117
117
118
120
120
121
123
124
125
126
126
127
130
130
131
132
132
133
135
136
136
137
137
138
138
139
139
141
141
143
144
144
145
146
147
148
148
148
149
150
150
150
151
151
153
154
155
155
156
156
157
157
158
157
158
160
160
161
161
162
162
163
163
164
165
166
166
166
166
168
167
168
169
170
170
171
172
172
173
173
173
174
175
175
176
177
177
177
178
178
179
179
179
180
180
181
182
182
182
183
183
184
184
185
185
186
186
186
187
187
187
189
189
189
189
190
190
190
192
191
192
192
193
193
194
195
195
195
195
196
196
196
197
197
198
199
198
199
200
199
200
201
200
201
201
201
201
202
202
202
203
203
204
204
204
205
205
205
205
206
206
206
207
207
208
209
209
208
208
210
210
210
211
210
210
211
211
211
212
212
212
213
212
213
213
214
213
214
214
214
214
215
216
215
216
216
216
216
216
217
218
218
218
217
218
219
219
219
219
219
220
220
220
221
220
221
221
221
221
222
222
222
223
223
222
223
223
224
223
224
224
224
224
225
225
225
225
225
225
225
226
225
226
227
226
227
227
227
228
228
228
227
228
229
228
229
229
229
228
229
228
229
229
229
229
230
230
230
230
230
230
231
231
230
231
231
231
231
232
231
231
232
232
232
232
233
232
233
233
233
233
234
233
233
234
234
234
235
234
235
235
234
234
234
235
235
235
235
235
236
235
236
235
236
236
236
237
237
237
237
236
237
237
237
237
237
237
237
237
237
238
238
238
238
239
238
238
238
239
239
238
239
239
239
239
239
239
240
238
236
235
234
232
230
228
227
226
224
222
221
219
217
215
214
213
212
210
209
207
206
204
203
202
200
199
198
197
195
193
192
190
189
187
186
185
183
182
181
179
178
177
175
175
173
172
171
170
169
168
166
166
165
163
163
161
161
160
159
159
157
156
155
153
152
152
150
149
149
148
147
146
145
145
143
143
142
141
140
139
138
137
136
135
134
133
132
131
131
130
129
128
127
125
125
124
123
122
121
120
119
119
119
117
116
116
115
113
113
112
111
110
109
109
108
107
106
106
105
105
104
103
102
102
101
101
99
98
98
97
97
96
95
94
94
93
92
92
92
91
90
89
89
88
87
87
86
86
85
84
84
83
82
82
81
81
80
79
78
77
78
77
76
76
75
75
74
74
73
72
72
72
71
71
70
70
69
69
68
68
68
67
67
66
66
65
65
64
64
64
64
62
62
62
62
61
61
60
60
59
59
58
58
57
57
58
56
56
56
55
55
55
55
54
54
53
53
52
52
52
52
51
51
50
50
50
49
49
48
48
48
47
47
47
46
47
46
45
45
46
45
45
45
44
44
44
43
43
43
43
42
42
42
42
41
41
40
39
39
39
38
39
38
38
38
37
37
36
37
36
36
36
35
36
35
35
35
35
34
34
33
34
34
33
33
33
33
32
32
32
32
32
31
31
31
30
30
30
30
30
29
29
29
29
29
29
28
28
28
28
28
27
27
27
27
27
27
27
26
26
26
25
25
25
25
25
25
24
25
24
25
24
24
24
24
23
24
23
23
23
23
22
22
22
22
22
22
22
21
22
21
22
21
21
21
21
20
20
20
19
20
19
19
20
19
19
19
19
19
19
19
19
18
18
18
18
17
18
17
17
17
17
17
17
16
17
16
17
16
16
16
16
16
16
16
16
16
15
15
14
14
15
14
14
14
14
14
14
14
14
14
14
13
13
13
13
13
13
13
13
13
13
13
13
13
13
12
12
12
12
12
12
12
12
12
12
12
12
11
12
11
11
11
11
11
11
11
11
11
11
10
11
10
10
10
10
10
10
10
10
10
9
10
9
9
10
10
10
10
9
9
9
9
9
9
9
9
9
9
9
9
9
8
9
8
8
8
8
8
8
8
8
8
8
8
8
7
7
8
8
8
8
7
8
8
8
7
7
7
7
7
7
7
7
7
7
7
7
7
7
7
7
6
